%% find the actual numbers of occurrences for four tuples at interface with
%% two sites from each protein
function result = StatisticsWithCountNumbersForBigDatabase4nodes(protein1, EBindex1, resultpath)
%% statistics on datasets
num4nodetypes = 210;
fourcliqueType(:,:,1,1) =   [204    37    40    43    46    49    52
    37    38    99   102   105   108   111
    40    99    41   114   117   120   123
    43   102   114    44   126   129   132
    46   105   117   126    47   135   138
    49   108   120   129   135    50   141
    52   111   123   132   138   141    53];
fourcliqueType(:,:,2,1) =    [37    38    99   102   105   108   111
    38    36   100   103   106   109   112
    99   100   101     1     2     3     4
    102   103     1   104     5     6     7
    105   106     2     5   107     8     9
    108   109     3     6     8   110    10
    111   112     4     7     9    10   113];
fourcliqueType(:,:,3,1) =[ 40    99    41   114   117   120   123
    99   100   101     1     2     3     4
    41   101    39   115   118   121   124
    114     1   115   116    11    12    13
    117     2   118    11   119    14    15
    120     3   121    12    14   122    16
    123     4   124    13    15    16   125];
fourcliqueType(:,:,4,1) =[    43   102   114    44   126   129   132
    102   103     1   104     5     6     7
    114     1   115   116    11    12    13
    44   104   116    42   127   130   133
    126     5    11   127   128    17    18
    129     6    12   130    17   131    19
    132     7    13   133    18    19   134];
fourcliqueType(:,:,5,1) =[    46   105   117   126    47   135   138
    105   106     2     5   107     8     9
    117     2   118    11   119    14    15
    126     5    11   127   128    17    18
    47   107   119   128    45   136   139
    135     8    14    17   136   137    20
    138     9    15    18   139    20   140];
fourcliqueType(:,:,6,1) =[ 49   108   120   129   135    50   141
    108   109     3     6     8   110    10
    120     3   121    12    14   122    16
    129     6    12   130    17   131    19
    135     8    14    17   136   137    20
    50   110   122   131   137    48   142
    141    10    16    19    20   142   143];
fourcliqueType(:,:,7,1) =[    52   111   123   132   138   141    53
    111   112     4     7     9    10   113
    123     4   124    13    15    16   125
    132     7    13   133    18    19   134
    138     9    15    18   139    20   140
    141    10    16    19    20   142   143
    53   113   125   134   140   143    51];
fourcliqueType(:,:,1,2) =[    37    38    99   102   105   108   111
    38    36   100   103   106   109   112
    99   100   101     1     2     3     4
    102   103     1   104     5     6     7
    105   106     2     5   107     8     9
    108   109     3     6     8   110    10
    111   112     4     7     9    10   113];
fourcliqueType(:,:,2,2) =[    38    36   100   103   106   109   112
    36   205    55    58    61    64    67
    100    55    56   144   147   150   153
    103    58   144    59   156   159   162
    106    61   147   156    62   165   168
    109    64   150   159   165    65   171
    112    67   153   162   168   171    68];
fourcliqueType(:,:,3,2) =[    99   100   101     1     2     3     4
    100    55    56   144   147   150   153
    101    56    54   145   148   151   154
    1   144   145   146    21    22    23
    2   147   148    21   149    24    25
    3   150   151    22    24   152    26
    4   153   154    23    25    26   155];
fourcliqueType(:,:,4,2) =[   102   103     1   104     5     6     7
    103    58   144    59   156   159   162
    1   144   145   146    21    22    23
    104    59   146    57   157   160   163
    5   156    21   157   158    27    28
    6   159    22   160    27   161    29
    7   162    23   163    28    29   164];
fourcliqueType(:,:,5,2) =[   105   106     2     5   107     8     9
    106    61   147   156    62   165   168
    2   147   148    21   149    24    25
    5   156    21   157   158    27    28
    107    62   149   158    60   166   169
    8   165    24    27   166   167    30
    9   168    25    28   169    30   170];
fourcliqueType(:,:,6,2) =[   108   109     3     6     8   110    10
    109    64   150   159   165    65   171
    3   150   151    22    24   152    26
    6   159    22   160    27   161    29
    8   165    24    27   166   167    30
    110    65   152   161   167    63   172
    10   171    26    29    30   172   173];
fourcliqueType(:,:,7,2) =[   111   112     4     7     9    10   113
    112    67   153   162   168   171    68
    4   153   154    23    25    26   155
    7   162    23   163    28    29   164
    9   168    25    28   169    30   170
    10   171    26    29    30   172   173
    113    68   155   164   170   173    66];
fourcliqueType(:,:,1,3) =[    40    99    41   114   117   120   123
    99   100   101     1     2     3     4
    41   101    39   115   118   121   124
    114     1   115   116    11    12    13
    117     2   118    11   119    14    15
    120     3   121    12    14   122    16
    123     4   124    13    15    16   125];
fourcliqueType(:,:,2,3) =[    99   100   101     1     2     3     4
    100    55    56   144   147   150   153
    101    56    54   145   148   151   154
    1   144   145   146    21    22    23
    2   147   148    21   149    24    25
    3   150   151    22    24   152    26
    4   153   154    23    25    26   155];
fourcliqueType(:,:,3,3) =[    41   101    39   115   118   121   124
    101    56    54   145   148   151   154
    39    54   206    70    73    76    79
    115   145    70    71   174   177   180
    118   148    73   174    74   183   186
    121   151    76   177   183    77   189
    124   154    79   180   186   189    80];
fourcliqueType(:,:,4,3) =[   114     1   115   116    11    12    13
    1   144   145   146    21    22    23
    115   145    70    71   174   177   180
    116   146    71    69   175   178   181
    11    21   174   175   176    31    32
    12    22   177   178    31   179    33
    13    23   180   181    32    33   182];
fourcliqueType(:,:,5,3) =[   117     2   118    11   119    14    15
    2   147   148    21   149    24    25
    118   148    73   174    74   183   186
    11    21   174   175   176    31    32
    119   149    74   176    72   184   187
    14    24   183    31   184   185    34
    15    25   186    32   187    34   188];
fourcliqueType(:,:,6,3) =[   120     3   121    12    14   122    16
    3   150   151    22    24   152    26
    121   151    76   177   183    77   189
    12    22   177   178    31   179    33
    14    24   183    31   184   185    34
    122   152    77   179   185    75   190
    16    26   189    33    34   190   191];
fourcliqueType(:,:,7,3) =[   123     4   124    13    15    16   125
    4   153   154    23    25    26   155
    124   154    79   180   186   189    80
    13    23   180   181    32    33   182
    15    25   186    32   187    34   188
    16    26   189    33    34   190   191
    125   155    80   182   188   191    78];
fourcliqueType(:,:,1,4) =[    43   102   114    44   126   129   132
    102   103     1   104     5     6     7
    114     1   115   116    11    12    13
    44   104   116    42   127   130   133
    126     5    11   127   128    17    18
    129     6    12   130    17   131    19
    132     7    13   133    18    19   134];
